image: chq_test1.pgm
resolution: 0.050000
origin: [-13.599000, -60.049000, 0.000000]
negate: 0
occupied_thresh: 0.65
free_thresh: 0.196

