image: houdar_AI_home_20180801.pgm
resolution: 0.050000
origin: [-10.000000, -22.800000, 0.000000]
negate: 0
occupied_thresh: 0.65
free_thresh: 0.196

