image: lmk.png
resolution: 0.01
origin: [-7.7720000,-1.4120000, 0]
negate: 0
occupied_thresh: 0.65
free_thresh: 0.196

