image: coverage_space_nounknown_data.pgm
resolution: 0.050000
origin: [-250.024979, -250.024979, 0.000000]
negate: 0
occupied_thresh: 0.65
free_thresh: 0.196

